N,ID,JName,SType,MLV,SP1,SP2,SP3,SP4,SP5,SP6,SP7,SP8,SP9,SP10,HP,Item,Cast,CastLv,CastLim,Range,Ele,Dat1_1,Dat1_2,Dat1_3,Dat1_4,Dat1_5,Dat1_6,Dat1_7,Dat1_8,Dat1_9,Dat1_10,Dat2_1,Dat2_2,Dat2_3,Dat2_4,Dat2_5,Dat2_6,Dat2_7,Dat2_8,Dat2_9,Dat2_10,Range2,Icon,Job1,Req1_1,RLV1_1,Req1_2,RLV1_2,Req1_3,RLV1_3,Req1_4,RLV1_4,Req1_5,RLV1_5,Job2,Req2_1,RLV2_1,Req2_2,RLV2_2,Req2_3,RLV2_3,Req2_4,RLV2_4,Req2_5,RLV2_5,B1,BLV1,B2,BLV2,B3,BLV3,B4,BLV4,B5,BLV5,UnKnown
1,NV_BASIC,Basic_Skills,0,9,,,,,,,,,,,,,,,,,,,,,,,,,,,,,,,,,,,,,,,,16769023,,,,,,,,,,,,,,,,,,,,,,,,,,,,,,,,
2,SM_SWORD,Sword_Mastery,0,10,,,,,,,,,,,,,,,,,,4,8,12,16,20,24,28,32,36,40,,,,,,,,,,,,,8601730,,,,,,,,,,,,,,,,,,,,,,,,,,,,,,,,
3,SM_TWOHAND,Two-Handed_Sword_Mastery,0,10,,,,,,,,,,,,,,,,,,4,8,12,16,20,24,28,32,36,40,,,,,,,,,,,,,16514,2,1,,,,,,,,,,,,,,,,,,,,,,,,,,,,,,
4,SM_RECOVERY,HP_Recovery,0,10,,,,,,,,,,,,,,,,,,5,10,15,20,25,30,35,40,45,50,2,10,,,,,,,,,,,8405122,,,,,,,,,,,,,,,,,,,,,,,,,,,,,,,,
5,SM_BASH,Bash,1,10,8,8,8,8,8,15,15,15,15,15,,,,,,1,,130,160,190,220,250,280,310,340,370,400,10,10,10,10,10,20,20,20,20,20,,,8405122,,,,,,,,,,,,,,,,,,,,,,,,,,,,,,,,
6,SM_PROVOKE,Provoke,1,10,4,5,6,7,8,9,10,11,12,13,,,,,,6,,102,104,106,108,110,112,114,116,118,120,94,88,82,76,70,64,58,52,46,40,,,8405122,,,,,,,,,,,,,,,,,,,,,,,,,,,,,,,,
7,SM_MAGNUM,Magnum_Break,1,10,15,15,15,15,15,15,15,15,15,15,15,,,,,1,3,120,125,130,135,140,145,150,155,160,165,70,75,80,85,90,95,100,105,110,115,2,,8405122,5,5,,,,,,,,,,,,,,,,,,,,,,,,,,,,,,
8,SM_ENDURE,Endure,4,10,10,10,10,10,10,10,10,10,10,10,,,,,,,,10,13,16,19,22,25,28,31,34,37,,,,,,,,,,,,1,8405122,6,5,,,,,,,,,,,,,,,,,,,,,,,,,,,,,,
9,MG_SRECOVERY,SP_Recovery,0,10,,,,,,,,,,,,,,,,,,3,6,9,12,15,18,21,24,27,30,,,,,,,,,,,,,8454916,,,,,,,,,,,,,,,,,,,,,,,,,,,,,,,,
10,MG_SIGHT,Sight,4,1,10,,,,,,,,,,,,,,,9,,10,,,,,,,,,,,,,,,,,,,,,,8454660,,,,,,,,,,,,,,,,,,,,,,,,,,,,,,,,
11,MG_NAPALMBEAT,Napalm_Beat,1,10,9,9,9,9,9,9,9,9,9,9,,,500,,,9,8,80,90,100,110,120,130,140,150,160,170,1,1,1,1,1,1,1,1,1,1,,,8454660,,,,,,,,,,,,,,,,,,,,,,,,,,,,,,,,
12,MG_SAFETYWALL,Safety_Wall,2,10,30,30,30,35,35,35,40,40,40,40,,717,4500,-500,1000,9,,5,10,15,20,25,30,35,40,45,50,3,4,5,6,7,8,9,10,11,12,,,8454660,11,7,13,5,,,,,,,256,68,4,70,3,,,,,,,,,,,,,,,,,
13,MG_SOULSTRIKE,Soul_Strike,1,10,15,18,22,24,27,30,33,36,39,42,,,500,,,9,8,100,100,100,100,100,100,100,100,100,100,1,1,2,2,3,3,4,4,5,5,,,8454660,11,4,,,,,,,,,,,,,,,,,,,,,,,,,,,,,,
14,MG_COLDBOLT,Cold_Bolt,1,10,12,14,16,18,20,22,24,26,28,30,,,,700,,9,1,100,100,100,100,100,100,100,100,100,100,1,2,3,4,5,6,7,8,9,10,,,8454660,,,,,,,,,,,,,,,,,,,,,,,,,,,,,,,,
15,MG_FROSTDIVER,Frost_Driver,1,10,25,24,23,22,21,20,19,18,17,16,,,1000,,,9,1,38,41,44,47,50,53,56,59,62,65,3,6,9,12,15,18,21,24,27,30,,,8454660,14,5,,,,,,,,,,,,,,,,,,,,,,,,,,,,,,
16,MG_STONECURSE,Stone_Curse,1,10,25,24,23,22,21,20,19,18,17,16,,716,1000,,,9,2,24,28,32,36,40,44,48,52,56,60,30,30,30,30,30,30,30,30,30,30,,,8454660,,,,,,,,,,,,,,,,,,,,,,,,,,,,,,,,
17,MG_FIREBALL,Fire_Ball,1,10,25,25,25,25,25,25,25,25,25,25,,,1600,,,9,3,100,105,110,115,120,125,130,135,140,145,1,1,1,1,1,1,1,1,1,1,2,,8454660,19,4,,,,,,,,,,,,,,,,,,,,,,,,,,,,,,
18,MG_FIREWALL,Fire_Wall,2,10,40,40,40,40,40,40,40,40,40,40,,,2150,-150,,9,3,50,50,50,50,50,50,50,50,50,50,5,6,7,8,9,10,11,12,13,14,,,8454660,17,5,10,1,,,,,,,,,,,,,,,,,,,,,,,,,,,,
19,MG_FIREBOLT,Fire_Bolt,1,10,12,14,16,18,20,22,24,26,28,30,,,,700,,9,3,100,100,100,100,100,100,100,100,100,100,1,2,3,4,5,6,7,8,9,10,,,8454660,,,,,,,,,,,,,,,,,,,,,,,,,,,,,,,,
20,MG_LIGHTNINGBOLT,Lightning_Bolt,1,10,12,14,16,18,20,22,24,26,28,30,,,,700,,9,4,100,100,100,100,100,100,100,100,100,100,1,2,3,4,5,6,7,8,9,10,,,8454660,,,,,,,,,,,,,,,,,,,,,,,,,,,,,,,,
21,MG_THUNDERSTORM,Thunder_Storm,2,10,29,34,39,44,49,54,59,64,69,74,,,,1000,,9,4,80,80,80,80,80,80,80,80,80,80,1,2,3,4,5,6,7,8,9,10,4,,8454660,20,4,,,,,,,,,,,,,,,,,,,,,,,,,,,,,,
22,AL_DP,Divine_Protection,0,10,,,,,,,,,,,,,,,,,,3,6,9,12,15,18,21,24,27,30,,,,,,,,,,,,,8421648,,,,,,,,,,,16384,35,1,,,,,,,,,,,,,,,,,,,
23,AL_DEMONBANE,Demon_Bane,0,10,,,,,,,,,,,,,,,,,,3,6,9,12,15,18,21,24,27,30,,,,,,,,,,,,,8421648,22,3,,,,,,,,,16384,22,3,,,,,,,,,,,,,,,,,,,
24,AL_RUWACH,Ruwatch,4,1,10,,,,,,,,,,,,,,,9,,10,,,,,,,,,,,,,,,,,,,,,,8421648,,,,,,,,,,,,,,,,,,,,,,,,,,,,,,,,
25,AL_PNEUMA,Pneuma,2,1,10,,,,,,,,,,,,,,,9,,10,,,,,,,,,,,,,,,,,,,,,,8421648,27,4,,,,,,,,,,,,,,,,,,,,,,,,,,,,,,
26,AL_TELEPORT,Teleportation,4,2,10,9,,,,,,,,,,,,,,,,,,,,,,,,,,,,,,,,,,,,,,8421648,24,1,,,,,,,,,,,,,,,,,,,,,,,,,,,,,,
27,AL_WARP,Warp_Portal,2,4,35,32,29,26,,,,,,,,,1000,,,9,,,1,2,3,,,,,,,7,8,9,10,,,,,,,,,8421648,26,2,,,,,,,,,,,,,,,,,,,,,,,,,,,,,,
28,AL_HEAL,Heal,16,10,13,16,19,22,25,28,31,34,37,40,,,,,,9,,12,20,28,36,44,52,60,68,76,84,,,,,,,,,,,,,8421648,,,,,,,,,,,16384,248,10,23,5,,,,,,,,,,,,,,,,,
29,AL_INCAGI,Increase_Agility,16,10,18,21,24,27,30,33,36,39,42,45,,,1000,,,9,,65,80,95,110,125,140,155,170,185,200,3,4,5,6,7,8,9,10,11,12,,12,8421648,28,3,,,,,,,,,,,,,,,,,,,,,,,,,,,,,,
30,AL_DECAGI,Decrease_Agility,1,10,15,17,19,21,23,25,27,29,31,33,,,1000,,,9,,65,80,95,110,125,140,155,170,185,200,3,4,5,6,7,8,9,10,11,12,,13,8421648,29,1,,,,,,,,,,,,,,,,,,,,,,,,,,,,,,
31,AL_HOLYWATER,Aqua_Benedicta,4,1,10,,,,,,,,,,,,,,,,,,,,,,,,,,,,,,,,,,,,,,,8421648,,,,,,,,,,,,,,,,,,,,,,,,,,,,,,,,
32,AL_CRUCIS,Signum_Crucis,4,10,35,35,35,35,35,35,35,35,35,35,,,,,,9,,130,160,190,220,250,280,310,340,370,400,12,14,16,18,20,22,24,26,28,30,9,,8421648,23,3,,,,,,,,,,,,,,,,,,,,,,,,,,,,,,
33,AL_ANGELUS,Angelus,4,10,23,26,29,32,35,38,41,44,47,50,,,3000,,,,,30,60,90,120,150,180,210,240,270,300,115,120,125,130,135,140,145,150,155,160,,9,8421648,22,3,,,,,,,,,,,,,,,,,,,,,,,,,,,,,,
34,AL_BLESSING,Blessing,16,10,28,32,36,40,44,48,52,56,60,64,,,,,,9,,60,80,100,120,140,160,180,200,220,240,1,2,3,4,5,6,7,8,9,10,,10,8421648,22,5,,,,,,,,,,,,,,,,,,,,,,,,,,,,,,
35,AL_CURE,Cure,16,1,15,,,,,,,,,,,,,,,9,,,,,,,,,,,,,,,,,,,,,,,,8421648,28,2,,,,,,,,,16384,248,5,,,,,,,,,,,,,,,,,,,
36,MC_INCCARRY,Enlarge_Weight_Limit,0,10,,,,,,,,,,,,,,,,,,100,200,300,400,500,600,700,800,900,1000,,,,,,,,,,,,,263200,,,,,,,,,,,,,,,,,,,,,,,,,,,,,,,,
37,MC_DISCOUNT,Discount,0,10,,,,,,,,,,,,,,,,,,93,91,89,87,85,83,81,79,77,76,,,,,,,,,,,,,263200,36,3,,,,,,,,,,,,,,,,,,,,,,,,,,,,,,
38,MC_OVERCHARGE,Overcharge,0,10,,,,,,,,,,,,,,,,,,107,109,111,113,115,117,119,121,123,124,,,,,,,,,,,,,263200,37,3,,,,,,,,,,,,,,,,,,,,,,,,,,,,,,
39,MC_PUSHCART,Pushcart,0,10,,,,,,,,,,,,,,,,,,27,24,21,18,15,12,9,6,3,,55,60,65,70,75,80,85,90,95,100,,,263200,36,5,,,,,,,,,,,,,,,,,,,,,,,,,,,,,,
40,MC_IDENTIFY,Identify,4,1,10,,,,,,,,,,,,,,,,,,,,,,,,,,,,,,,,,,,,,,,263200,,,,,,,,,,,,,,,,,,,,,,,,,,,,,,,,
41,MC_VENDING,Vending,4,10,30,30,30,30,30,30,30,30,30,30,,,,,,,,3,4,5,6,7,8,9,10,11,12,,,,,,,,,,,,,263200,39,3,,,,,,,,,,,,,,,,,,,,,,,,,,,,,,
42,MC_MAMMONITE,Mammonite,1,10,5,5,5,5,5,5,5,5,5,5,,,,,,1,,150,200,250,300,350,400,450,500,550,600,100,200,300,400,500,600,700,800,900,1000,,,8651808,,,,,,,,,,,,,,,,,,,,,,,,,,,,,,,,
43,AC_OWL,Owl's_Eye,0,10,,,,,,,,,,,,,,,,,,1,2,3,4,5,6,7,8,9,10,,,,,,,,,,,,,9963528,,,,,,,,,,,,,,,,,,,,,,,,,,,,,,,,
44,AC_VULTURE,Vulture's_Eye,0,10,,,,,,,,,,,,,,,,,,1,2,3,4,5,6,7,8,9,10,1,2,3,4,5,6,7,8,9,10,,,9963528,43,3,,,,,,,,,131072,,,,,,,,,,,,,,,,,,,,,
45,AC_CONCENTRATION,Improve_Concentration,4,10,25,30,35,40,45,50,55,60,65,70,,,,,,,,60,80,100,120,140,160,180,200,220,240,3,4,5,6,7,8,9,10,11,12,,3,9963528,44,1,,,,,,,,,,,,,,,,,,,,,,,,,,,,,,
46,AC_DOUBLE,Double_Strafing,1,10,12,12,12,12,12,12,12,12,12,12,,,,,,15,,100,110,120,130,140,150,160,170,180,190,,,,,,,,,,,,,1574920,,,,,,,,,,,131072,44,10,,,,,,,,,,,,,,,,,,,
47,AC_SHOWER,Arrow_Shower,1,10,15,15,15,15,15,15,15,15,15,15,,,,,,9,,80,85,90,95,100,105,110,115,120,125,80,85,90,95,100,105,110,115,120,125,6,,1574920,46,5,,,,,,,,,,,,,,,,,,,,,,,,,,,,,,
48,TF_DOUBLE,Double_Attack,0,10,,,,,,,,,,,,,,,,,,5,10,15,20,25,30,35,40,45,50,100,100,100,100,100,100,100,100,100,100,,,8523840,,,,,,,,,,,,,,,,,,,,,,,,,,,,,,,,
49,TF_MISS,Increase_Dodge,0,10,,,,,,,,,,,,,,,,,,3,6,9,12,15,18,21,24,27,30,,,,,,,,,,,,,8523840,,,,,,,,,,,,,,,,,,,,,,,,,,,,,,,,
50,TF_STEAL,Steal,1,10,10,10,10,10,10,10,10,10,10,10,,,,,,1,,13,16,19,22,25,28,31,34,37,40,,,,,,,,,,,,,8523840,,,,,,,,,,,,,,,,,,,,,,,,,,,,,,,,
51,TF_HIDING,Hiding,4,10,10,10,10,10,10,10,10,10,10,10,,,,,,,,30,60,90,120,150,180,210,240,270,300,,,,,,,,,,,,4,8523840,50,5,,,,,,,,,,,,,,,,,,,,,,,,,,,,,,
52,TF_POISON,Envenom,1,10,12,12,12,12,12,12,12,12,12,12,,,,,,3,5,115,130,145,160,175,190,205,220,235,250,,,,,,,,,,,,,8523840,,,,,,,,,,,,,,,,,,,,,,,,,,,,,,,,
53,TF_DETOXIFY,Detoxify,16,1,10,,,,,,,,,,,,,,,1,,,,,,,,,,,,,,,,,,,,,,,,8523840,52,3,,,,,,,,,,,,,,,,,,,,,,,,,,,,,,
54,ALL_RESURRECTION,Resurrection,16,4,60,60,60,60,,,,,,,,,,,,9,,,15,30,50,,,,,,,,,,,,,,,,,,,256,72,1,9,4,,,,,,,,,,,,,,,,,,,,,,,,,,,,
55,KN_SPEARMASTERY,Spear_Mastery,0,10,,,,,,,,,,,,,,,,,,4,8,12,16,20,24,28,32,36,40,5,10,15,20,25,30,35,40,45,50,,,16512,,,,,,,,,,,,,,,,,,,,,,,,,,,,,,,,
56,KN_PIERCE,Pierce,1,10,7,7,7,7,7,7,7,7,7,7,,,,,,1,,110,120,130,140,150,160,170,180,190,200,,,,,,,,,,,,,128,55,1,,,,,,,,,,,,,,,,,,,,,,,,,,,,,,
57,KN_BRANDISHSPEAR,Brandish_Spear,1,10,12,12,12,12,12,12,12,12,12,12,,,,,,2,,120,140,160,180,200,220,240,260,280,300,10,10,10,10,10,20,20,20,20,20,2,,128,63,1,58,3,,,,,,,,,,,,,,,,,,,,,,,,,,,,
58,KN_SPEARSTAB,Spear_Stab,1,10,9,9,9,9,9,9,9,9,9,9,,,,,,1,,115,130,145,160,175,190,205,220,235,250,4,,,,,,,,,,,,128,56,5,,,,,,,,,,,,,,,,,,,,,,,,,,,,,,
59,KN_SPEARBOOMERANG,Spear_Boomerang,1,5,10,10,10,10,10,,,,,,,,,,,9,,150,200,250,300,350,,,,,,3,5,7,9,11,,,,,,,,128,56,3,,,,,,,,,,,,,,,,,,,,,,,,,,,,,,
60,KN_TWOHANDQUICKEN,Two-Hand_Quicken,4,10,14,18,22,26,30,34,38,42,46,50,,,,,,,,30,60,90,120,150,180,210,240,270,300,,,,,,,,,,,,2,128,3,1,,,,,,,,,,,,,,,,,,,,,,,,,,,,,,
61,KN_AUTOCOUNTER,Auto_Counter,4,5,2,2,2,2,2,,,,,,,,,,,1,,3,6,9,12,15,,,,,,,,,,,,,,,,,,128,3,1,,,,,,,,,,,,,,,,,,,,,,,,,,,,,,
62,KN_BOWLINGBASH,Bowling_Bash,1,10,13,14,15,16,17,18,19,20,21,22,,,,,,1,,150,200,250,300,350,400,450,500,550,600,,,,,,,,,,,2,,128,3,5,5,10,7,3,60,10,61,5,,,,,,,,,,,,,,,,,,,,,,
63,KN_RIDING,Riding,0,1,,,,,,,,,,,,,,,,,,,,,,,,,,,,,,,,,,,,,,,27,16512,8,1,,,,,,,,,,,,,,,,,,,,,,,,,,,,,,
64,KN_CAVALIERMASTERY,Cavalry_Mastery,0,5,,,,,,,,,,,,,,,,,,60,70,80,90,100,,,,,,,,,,,,,,,,,,16512,63,1,,,,,,,,,,,,,,,,,,,,,,,,,,,,,,
65,PR_MACEMASTERY,Mace_Mastery,0,10,,,,,,,,,,,,,,,,,,3,6,9,12,15,18,21,24,27,30,,,,,,,,,,,,,256,,,,,,,,,,,,,,,,,,,,,,,,,,,,,,,,
66,PR_IMPOSITIO,Imposito_Manus,16,5,13,16,19,22,25,,,,,,,,,,,9,,60,60,60,60,60,30,30,30,30,30,15,30,45,,,,,,,,,15,256,,,,,,,,,,,,,,,,,,,,,,,,,,,,,,,,
67,PR_SUFFRAGIUM,Suffragium,16,3,8,8,8,,,,,,,,,,,,,9,,30,20,10,,,,,,,,,,,,,,,,,,,16,256,66,2,,,,,,,,,,,,,,,,,,,,,,,,,,,,,,
68,PR_ASPERSIO,Aspersio,16,5,14,18,22,25,30,,,,,,,,,,,9,,60,90,120,150,180,,,,,,,,,,,,,,,,,17,256,31,1,66,3,,,,,,,,,,,,,,,,,,,,,,,,,,,,
69,PR_BENEDICTIO,Benedictio_Sanctissimi_Sacramenti,4,5,,,,,,,,,,,,,,,,,,40,80,120,160,200,,,,,,,,,,,,,,,,,18,256,68,5,75,3,,,,,,,,,,,,,,,,,,,,,,,,,,,,
70,PR_SANCTUARY,Sanctuary,2,10,15,18,21,24,27,30,33,36,39,40,,,5000,,,6,,4,7,10,13,16,19,22,25,28,31,100,200,300,400,500,600,777,777,777,777,,,256,28,1,,,,,,,,,,,,,,,,,,,,,,,,,,,,,,
71,PR_SLOWPOISON,Slow_Poison,4,5,35,32,29,26,,,,,,,,,,,,9,,10,20,30,40,50,,,,,,,,,,,,,,,,,14,256,72,1,,,,,,,,,,,,,,,,,,,,,,,,,,,,,,
72,PR_STRECOVERY,Status_Recovery,16,1,5,,,,,,,,,,,,,,,9,,,,,,,,,,,,,,,,,,,,,,,,256,,,,,,,,,,,,,,,,,,,,,,,,,,,,,,,,
73,PR_KYRIE,Kyrie_Eleison,16,10,20,20,20,25,25,25,30,30,30,35,,,2000,,,9,,120,120,120,120,120,120,120,120,120,120,,,,,,,,,,,,19,256,33,2,,,,,,,,,,,,,,,,,,,,,,,,,,,,,,
74,PR_MAGNIFICAT,Magnificat,4,5,40,40,40,40,40,,,,,,,,4000,,,,,20,40,60,80,100,,,,,,,,,,,,,,,,,20,256,,,,,,,,,,,,,,,,,,,,,,,,,,,,,,,,
75,PR_GLORIA,Gloria,4,5,20,20,20,20,20,,,,,,,,,,,,,10,15,20,25,30,,,,,,,,,,,,,,,,,21,256,73,4,74,3,,,,,,,,,,,,,,,,,,,,,,,,,,,,
76,PR_LEXDIVINA,Lex_Divina,1,10,20,20,20,20,20,18,16,14,12,10,,,,,,9,,30,35,40,45,50,55,60,60,60,60,,,,,,,,,,,,,256,24,1,,,,,,,,,,,,,,,,,,,,,,,,,,,,,,
77,PR_TURNUNDEAD,Turn_Undead,1,10,16,16,16,16,16,16,16,16,16,16,,,1000,,,9,6,100,100,100,100,100,100,100,100,100,100,1,2,3,4,5,6,7,8,9,10,,,256,54,1,76,3,,,,,,,,,,,,,,,,,,,,,,,,,,,,
78,PR_LEXAETERNA,Lex_Aeterna,1,1,10,,,,,,,,,,,,,,,9,,,,,,,,,,,,,,,,,,,,,,,22,256,76,5,,,,,,,,,,,,,,,,,,,,,,,,,,,,,,
79,PR_MAGNUS,Magnus_Exorcismus,2,10,40,42,44,46,48,50,52,54,56,58,,,15000,,,5,6,3000,3000,2000,2000,2000,2000,2000,2000,2000,4000,1,2,3,4,5,6,7,8,9,10,,,256,77,3,78,1,12,1,,,,,,,,,,,,,,,,,,,,,,,,,,
80,WZ_FIREPILLAR,Fire_Pillar,2,10,25,25,25,25,25,25,25,25,25,25,,717,3300,-300,,9,3,30,30,30,30,30,30,30,30,30,30,3,4,5,6,7,8,9,10,11,12,1,,512,18,1,,,,,,,,,,,,,,,,,,,,,,,,,,,,,,
81,WZ_SIGHTRASHER,Sight_Rasher,4,10,35,37,39,41,43,45,47,49,51,53,,,1000,,,9,,120,140,160,180,200,220,240,260,280,300,1,1,2,2,3,3,4,4,5,5,5,,512,10,1,20,1,,,,,,,,,,,,,,,,,,,,,,,,,,,,
82,WZ_FIREIVY,--_Not_A_Real_Skill_--,0,,,,,,,,,,,,,,,,,,,,,,,,,,,,,,,,,,,,,,,,,512,,,,,,,,,,,,,,,,,,,,,,,,,,,,,,,,
83,WZ_METEOR,Meteor_Storm,2,10,30,34,40,44,50,54,60,64,70,74,,,15000,,,9,3,2,2,3,3,5,5,6,6,7,7,1,1,2,2,3,3,4,4,5,5,3,3,512,21,1,81,2,,,,,,,,,,,,,,,,,,,,,,,,,,,,
84,WZ_JUPITEL,Jupiter_Thunder,1,10,20,23,26,29,32,35,38,41,44,47,,,2000,500,,9,4,100,100,100,100,100,100,100,100,100,100,3,4,5,6,7,8,9,10,11,12,,,512,11,1,20,1,,,,,,,,,,,,,,,,,,,,,,,,,,,,
85,WZ_VERMILION,Lord_of_Vermilion,2,10,60,64,68,72,76,80,84,88,92,96,,,15500,-500,,9,4,130,160,190,220,250,280,310,340,370,400,10,10,10,10,10,10,10,10,10,10,4,,512,21,1,84,5,,,,,,,,,,,,,,,,,,,,,,,,,,,,
86,WZ_WATERBALL,Water_Ball,1,5,15,20,20,25,26,,,,,,,,,1000,,9,1,1,9,9,25,25,,,,,,1,2,2,3,3,,,,,,1,,512,14,1,20,1,,,,,,,,,,,,,,,,,,,,,,,,,,,,
87,WZ_ICEWALL,Ice_Wall,2,10,20,20,20,20,20,20,20,20,20,20,,,,,,9,,,,,,,,,,,,,,,,,,,,,,1,,512,15,1,16,1,,,,,,,,,,,,,,,,,,,,,,,,,,,,
88,WZ_FROSTNOVA,Frost_Nova,1,10,45,43,41,39,37,35,33,31,29,27,,,5300,-330,,9,1,38,41,44,47,50,53,56,59,66,73,3,6,9,12,15,18,21,24,27,30,3,,512,87,1,,,,,,,,,,,,,,,,,,,,,,,,,,,,,,
89,WZ_STORMGUST,Storm_Gust,2,10,78,78,78,78,78,78,78,78,78,78,,,5000,1000,,9,1,140,180,220,260,300,340,380,420,460,500,10,10,10,10,10,10,10,10,10,10,5,,512,15,1,84,3,,,,,,,,,,,,,,,,,,,,,,,,,,,,
90,WZ_EARTHSPIKE,Earth_Spike,1,5,12,14,16,18,20,,,,,,,,,1000,,9,2,100,100,100,100,100,,,,,,1,2,3,4,5,,,,,,,,512,16,1,,,,,,,,,65536,283,1,,,,,,,,,,,,,,,,,,,
91,WZ_HEAVENDRIVE,Heaven's_Drive,2,5,24,28,32,36,40,,,,,,,,,1000,,9,2,100,100,100,100,100,,,,,,1,2,3,4,5,,,,,,2,,512,90,3,,,,,,,,,65536,90,1,,,,,,,,,,,,,,,,,,,
92,WZ_QUAGMIRE,Quagmire,2,5,15,15,15,15,15,,,,,,,,,,,9,,5,10,15,20,25,,,,,,,,,,,,,,,,3,8,512,91,1,14,1,,,,,,,,,,,,,,,,,,,,,,,,,,,,
93,WZ_ESTIMATION,Sense,1,1,10,,,,,,,,,,,,,,,9,,,,,,,,,,,,,,,,,,,,,,,,66048,,,,,,,,,,,,,,,,,,,,,,,,,,,,,,,,
94,BS_IRON,Iron_Making,0,5,,,,,,,,,,,,,,,,,,260,320,380,440,500,,,,,,,,,,,,,,,,,,1024,,,,,,,,,,,,,,,,,,,,,,,,,,,,,,,,
95,BS_STEEL,Steel_Making,0,5,,,,,,,,,,,,,,,,,,150,200,250,300,350,,,,,,,,,,,,,,,,,,1024,94,1,,,,,,,,,,,,,,,,,,,,,,,,,,,,,,
96,BS_ENCHANTEDSTONE,Enchanted_Stone_Making,0,5,,,,,,,,,,,,,,,,,,150,200,250,300,350,,,,,,,,,,,,,,,,,,1024,94,1,,,,,,,,,,,,,,,,,,,,,,,,,,,,,,
97,BS_ORIDEOCON,Oridecon_Research,0,5,,,,,,,,,,,,,,,,,,,,,,,,,,,,,,,,,,,,,,,,1024,96,1,,,,,,,,,,,,,,,,,,,,,,,,,,,,,,
98,BS_DAGGER,Dagger_Making,0,3,,,,,,,,,,,,,,,,,,,,,,,,,,,,,,,,,,,,,,,,1024,,,,,,,,,,,,,,,,,,,,,,,,,,,,,,,,
99,BS_SWORD,Sword_Making,0,3,,,,,,,,,,,,,,,,,,,,,,,,,,,,,,,,,,,,,,,,1024,98,1,,,,,,,,,,,,,,,,,,,,,,,,,,,,,,
100,BS_TWOHANDSWORD,Two-Handed_Sword_Making,0,3,,,,,,,,,,,,,,,,,,,,,,,,,,,,,,,,,,,,,,,,1024,99,1,,,,,,,,,,,,,,,,,,,,,,,,,,,,,,
101,BS_AXE,Axe_Making,0,3,,,,,,,,,,,,,,,,,,,,,,,,,,,,,,,,,,,,,,,,1024,99,2,,,,,,,,,,,,,,,,,,,,,,,,,,,,,,
102,BS_MACE,Mace_Making,0,3,,,,,,,,,,,,,,,,,,,,,,,,,,,,,,,,,,,,,,,,1024,103,1,,,,,,,,,,,,,,,,,,,,,,,,,,,,,,
103,BS_KNUCKLE,Knuckle_Making,0,3,,,,,,,,,,,,,,,,,,,,,,,,,,,,,,,,,,,,,,,,1024,98,1,,,,,,,,,,,,,,,,,,,,,,,,,,,,,,
104,BS_SPEAR,Spear_Making,0,3,,,,,,,,,,,,,,,,,,,,,,,,,,,,,,,,,,,,,,,,1024,98,2,,,,,,,,,,,,,,,,,,,,,,,,,,,,,,
105,BS_HILTBINDING,Hilt_Binding,0,1,,,,,,,,,,,,,,,,,,,,,,,,,,,,,,,,,,,,,,,,1024,,,,,,,,,,,,,,,,,,,,,,,,,,,,,,,,
106,BS_FINDINGORE,Ore_Discovery,0,1,,,,,,,,,,,,,,,,,,,,,,,,,,,,,,,,,,,,,,,,1024,105,1,95,1,,,,,,,,,,,,,,,,,,,,,,,,,,,,
107,BS_WEAPONRESEARCH,Weapon_Research,0,10,,,,,,,,,,,,,,,,,,,,,,,,,,,,,,,,,,,,,,,,1024,105,1,,,,,,,,,,,,,,,,,,,,,,,,,,,,,,
108,BS_REPAIRWEAPON,Repair_Weapon,4,1,5,,,,,,,,,,,,,,,,,,,,,,,,,,,,,,,,,,,,,,,1024,107,1,,,,,,,,,,,,,,,,,,,,,,,,,,,,,,
109,BS_SKINTEMPER,Skin_Tempering,0,5,,,,,,,,,,,,,,,,,,,,,,,,,,,,,,,,,,,,,,,,1024,,,,,,,,,,,,,,,,,,,,,,,,,,,,,,,,
110,BS_HAMMERFALL,Hammer_Fall,2,5,10,10,10,10,10,,,,,,,,1000,,,1,,14,18,22,26,30,,,,,,,,,,,,,,,,2,,1024,,,,,,,,,,,,,,,,,,,,,,,,,,,,,,,,
111,BS_ADRENALINE,Adrenaline_Rush,4,5,20,23,26,29,32,,,,,,,,,,,,,30,60,90,120,150,,,,,,,,,,,,,,,,,23,1024,110,2,,,,,,,,,,,,,,,,,,,,,,,,,,,,,,
112,BS_WEAPONPERFECT,Weapon_Perfection,4,5,18,16,14,12,10,,,,,,,,,,,,,10,20,30,40,50,,,,,,,,,,,,,,,,,24,1024,107,2,111,2,,,,,,,,,,,,,,,,,,,,,,,,,,,,
113,BS_OVERTHRUST,Power_Thrust,4,5,18,16,14,12,10,,,,,,,,,,,,,20,40,60,80,100,,,,,,,,,,,,,,,,,25,1024,111,3,,,,,,,,,,,,,,,,,,,,,,,,,,,,,,
114,BS_MAXIMIZE,Maximize_Power,4,5,10,10,10,10,10,,,,,,,,,,,,,5000,5000,5000,5000,5000,,,,,,,,,,,,,,,,,26,1024,112,3,113,2,,,,,,,,,,,,,,,,,,,,,,,,,,,,
115,HT_SKIDTRAP,Skid_Trap,2,5,10,10,10,10,10,,,,,,,,,,,1,,300,240,180,120,60,,,,,,12,14,16,18,20,,,,,,1,,2048,,,,,,,,,,,,,,,,,,,,,,,,,,,,,,,,
116,HT_LANDMINE,Land_Mine,2,5,10,10,10,10,10,,,,,,,,,,,1,2,65,50,35,20,5,,,,,,50,75,100,125,150,,,,,,1,,2048,,,,,,,,,,,,,,,,,,,,,,,,,,,,,,,,
117,HT_ANKLESNARE,Ankle_Snare,2,5,12,12,12,12,12,,,,,,,,,,,1,,250,200,150,100,50,,,,,,5,10,15,20,25,,,,,,1,,2048,115,1,,,,,,,,,,,,,,,,,,,,,,,,,,,,,,
118,HT_SHOCKWAVE,Shockwave,2,5,45,45,45,45,45,,,,,,,,,,,1,,200,160,120,80,40,,,,,,25,40,55,70,85,,,,,,1,,2048,117,1,,,,,,,,,,,,,,,,,,,,,,,,,,,,,,
119,HT_SANDMAN,Sand_Man,2,5,12,12,12,12,12,,,,,,,,,,,1,,,,,,,,,,,,38,41,44,47,50,,,,,,1,,2048,120,1,,,,,,,,,,,,,,,,,,,,,,,,,,,,,,
120,HT_FLASHER,Flasher,2,5,12,12,12,12,12,,,,,,,,,,,1,,,,,,,,,,,,38,41,44,47,50,,,,,,1,,2048,115,1,,,,,,,,,,,,,,,,,,,,,,,,,,,,,,
121,HT_FREEZINGTRAP,Freezing_Trap,2,5,10,10,10,10,10,,,,,,,,,,,1,,,,,,,,,,,,38,41,44,47,50,,,,,,1,,2048,120,1,,,,,,,,,,,,,,,,,,,,,,,,,,,,,,
122,HT_BLASTMINE,Blast_Mine,2,5,10,10,10,10,10,,,,,,,,,,,1,3,,,,,,,,,,,10,8,6,4,2,,,,,,1,,2048,119,1,121,1,,,,,,,,,,,,,,,,,,,,,,,,,,,,
123,HT_CLAYMORETRAP,Claymore_Trap,2,5,15,15,15,15,15,,,,,,,,,,,1,2,,,,,,,,,,,20,40,60,80,100,,,,,,1,,2048,118,1,122,1,,,,,,,,,,,,,,,,,,,,,,,,,,,,
124,HT_REMOVETRAP,Remove_Trap,2,1,5,,,,,,,,,,,,,,,1,,,,,,,,,,,,,,,,,,,,,,,,2048,116,1,,,,,,,,,131072,46,5,,,,,,,,,,,,,,,,,,,
125,HT_TALKIEBOX,Talkie_Box,2,1,1,,,,,,,,,,,,,,,1,,,,,,,,,,,,,,,,,,,,,,,,2048,118,1,124,1,,,,,,,,,,,,,,,,,,,,,,,,,,,,
126,HT_BEASTBANE,Beast_Bane,0,10,,,,,,,,,,,,,,,,1,,4,8,12,16,20,24,28,32,36,40,,,,,,,,,,,,,2048,,,,,,,,,,,,,,,,,,,,,,,,,,,,,,,,
127,HT_FALCON,Falcon_Mastery,0,1,,,,,,,,,,,,,,,,1,,,,,,,,,,,,,,,,,,,,,,,28,2048,126,1,,,,,,,,,,,,,,,,,,,,,,,,,,,,,,
128,HT_STEELCROW,Steel_Crow,0,10,,,,,,,,,,,,,,,,1,,3,6,9,12,15,18,21,24,27,30,,,,,,,,,,,,,2048,129,5,,,,,,,,,,,,,,,,,,,,,,,,,,,,,,
129,HT_BLITZBEAT,Blitz_Beat,1,5,10,13,16,19,22,,,,,,,,1000,,,15,,,,,,,,,,,,,,,,,,,,,,2,,2048,127,1,,,,,,,,,,,,,,,,,,,,,,,,,,,,,,
130,HT_DETECTING,Detecting,4,4,8,8,8,8,,,,,,,,,,,,,,,,,,,,,,,,,,,,,,,,,,,,2048,127,1,,,,,,,,,,,,,,,,,,,,,,,,,,,,,,
131,HT_SPRINGTRAP,Spring_Trap,2,5,10,10,10,10,10,,,,,,,,,,,8,,,,,,,,,,,,,,,,,,,,,,,,2048,124,1,127,1,,,,,,,,,,,,,,,,,,,,,,,,,,,,
132,AS_RIGHT,Right_Hand_Mastery,0,5,,,,,,,,,,,,,,,,,,60,70,80,90,100,,,,,,50,,,,,,,,,,,,4096,,,,,,,,,,,,,,,,,,,,,,,,,,,,,,,,
133,AS_LEFT,Left_Hand_Mastery,0,5,,,,,,,,,,,,,,,,,,40,50,60,70,80,,,,,,30,,,,,,,,,,,,4096,132,2,,,,,,,,,,,,,,,,,,,,,,,,,,,,,,
134,AS_KATAR,Katar_Mastery,0,10,,,,,,,,,,,,,,,,,,3,6,9,12,15,18,21,24,27,30,,,,,,,,,,,,,4096,,,,,,,,,,,,,,,,,,,,,,,,,,,,,,,,
135,AS_CLOAKING,Cloaking,4,5,15,15,15,15,15,,,,,,,,,,,,,4,5,6,7,8,,,,,,,,,,,,,,,,,5,4096,51,2,,,,,,,,,,,,,,,,,,,,,,,,,,,,,,
136,AS_SONICBLOW,Sonic_Blow,1,10,16,18,20,22,24,26,28,30,32,34,,,,,,1,,350,400,450,500,550,600,650,700,750,800,12,14,16,18,20,22,24,26,28,30,,,4096,134,4,,,,,,,,,,,,,,,,,,,,,,,,,,,,,,
137,AS_GRIMTOOTH,Grim_Tooth,1,5,2,2,2,2,2,,,,,,,,,,,6,,100,100,100,100,100,100,100,100,100,100,3,4,5,6,7,,,,,,1,,4096,135,2,136,5,,,,,,,,,,,,,,,,,,,,,,,,,,,,
138,AS_ENCHANTPOISON,Enchant_Poison,16,10,20,20,20,20,20,20,20,20,20,20,,,,,,9,,30,45,60,75,90,105,120,135,150,165,3,3,4,4,5,5,6,6,7,7,,6,4096,52,1,,,,,,,,,,,,,,,,,,,,,,,,,,,,,,
139,AS_POISONREACT,Poison_React,16,10,30,30,27,27,24,24,21,21,18,18,,,,,,9,,130,160,190,220,250,280,310,340,370,400,20,40,60,80,100,120,140,160,180,200,,7,4096,138,3,,,,,,,,,,,,,,,,,,,,,,,,,,,,,,
140,AS_VENOMDUST,Venom_Dust,2,10,20,20,20,20,20,20,20,20,20,20,,,,,,,,5,10,15,20,25,30,35,40,45,60,,,,,,,,,,,1,,4096,138,5,,,,,,,,,,,,,,,,,,,,,,,,,,,,,,
141,AS_SPLASHER,Splasher,1,10,33,36,39,42,45,48,51,54,57,60,,,1000,,,10,5,220,240,260,280,300,320,340,360,380,400,2,2,3,3,4,4,5,5,6,6,,,4096,139,5,140,5,,,,,,,,,,,,,,,,,,,,,,,,,,,,
142,NV_FIRSTAID,Emergency_Care,4,1,3,,,,,,,,,,,,,,,,,,,,,,,,,,,,,,,,,,,,,,,10477567,142,1,,,,,,,,,,,,,,,,,,,,,,,,,,,,,,
143,NV_TRICKDEAD,Act_Dead,4,1,5,,,,,,,,,,,,,,,,,30,60,90,120,150,180,210,240,270,300,,,,,,,,,,,,29,8388609,143,1,,,,,,,,,,,,,,,,,,,,,,,,,,,,,,
144,SM_MOVINGRECOVERY,Moving_HP_Recovery,0,1,,,,,,,,,,,,,,,,,,75,,,,,,,,,,,,,,,,,,,,,,16514,144,1,,,,,,,,,,,,,,,,,,,,,,,,,,,,,,
145,SM_FATALBLOW,Attack_Weak_Point,0,1,,,,,,,,,,,,,,,,,,,,,,,6,12,18,24,30,,,,,,,,,,,,,16514,145,1,,,,,,,,,,,,,,,,,,,,,,,,,,,,,,
146,SM_AUTOBERSERK,Auto_Berserk,0,1,,,,,,,,,,,,,,,,,,25,20,60,,,,,,,,,,,,,,,,,,,,16514,146,1,,,,,,,,,,,,,,,,,,,,,,,,,,,,,,
147,AC_MAKINGARROW,Arrow_Creation,4,1,10,,,,,,,,,,,,,,,,,,,,,,,,,,,,,,,,,,,,,,,1574920,147,1,,,,,,,,,,,,,,,,,,,,,,,,,,,,,,
148,AC_CHARGEARROW,Charge_Arrow,1,1,15,,,,,,,,,,,,1500,,,9,,150,,,,,,,,,,,,,,,,,,,,,,1574920,148,1,,,,,,,,,,,,,,,,,,,,,,,,,,,,,,
149,TF_SPRINKLESAND,Throw_Sand,1,1,9,,,,,,,,,,,,,,,1,2,125,25,,,,,,,,,,,,,,,,,,,,,135232,149,1,,,,,,,,,,,,,,,,,,,,,,,,,,,,,,
150,TF_BACKSLIDING,Back_Sliding,4,1,7,,,,,,,,,,,,,,,,,,,,,,,,,,,,,,,,,,,,,,,135232,150,1,,,,,,,,,,,,,,,,,,,,,,,,,,,,,,
151,TF_PICKSTONE,Take_Stone,4,1,2,,,,,,,,,,,,500,,,,,,,,,,,,,,,,,,,,,,,,,,,135232,151,1,,,,,,,,,,,,,,,,,,,,,,,,,,,,,,
152,TF_THROWSTONE,Stone_Throw,1,1,2,,,,,,,,,,,,1000,,,7,,30,,,,,,,,,,,,,,,,,,,,,,135232,153,1,,,,,,,,,,,,,,,,,,,,,,,,,,,,,,
153,MC_CARTREVOLUTION,Cart_Revolution,1,1,12,,,,,,,,,,,,,,,1,,101,,,,,,,,,,,,,,,,,,,,2,,263200,153,1,,,,,,,,,,,,,,,,,,,,,,,,,,,,,,
154,MC_CHANGECART,Change_Cart,4,1,40,,,,,,,,,,,,,,,,,,,,,,,,,,,,,,,,,,,,,,,263200,154,1,,,,,,,,,,,,,,,,,,,,,,,,,,,,,,
155,MC_LOUD,Crazy_Uproar,4,1,8,,,,,,,,,,,,,,,,,300,,,,,,,,,,4,,,,,,,,,,,30,263200,155,1,,,,,,,,,,,,,,,,,,,,,,,,,,,,,,
156,AL_HOLYLIGHT,Holy_Light,1,1,15,,,,,,,,,,,,1500,,,9,6,125,,,,,,,,,,1,,,,,,,,,,,,33040,156,1,,,,,,,,,,,,,,,,,,,,,,,,,,,,,,
157,MG_ENERGYCOAT,Energy_Coat,4,1,30,,,,,,,,,,,,5000,,,9,,300,6,12,12,18,18,24,24,30,30,10,10,15,15,20,20,25,25,30,30,,31,66052,157,1,,,,,,,,,,,,,,,,,,,,,,,,,,,,,,
158,NPC_PIERCINGATT,,0,,,,,,,,,,,,,,,,,,,,,,,,,,,,,,,,,,,,,,,,,,,,,,,,,,,,,,,,,,,,,,,,,,,,,,,,,
159,NPC_MENTALBREAKER,,0,,,,,,,,,,,,,,,,,,,,,,,,,,,,,,,,,,,,,,,,,,,,,,,,,,,,,,,,,,,,,,,,,,,,,,,,,
160,NPC_RANGEATTACK,,0,,,,,,,,,,,,,,,,,,,,,,,,,,,,,,,,,,,,,,,,,,,,,,,,,,,,,,,,,,,,,,,,,,,,,,,,,
161,NPC_ATTRICHANGE,,0,,,,,,,,,,,,,,,,,,,,,,,,,,,,,,,,,,,,,,,,,,,,,,,,,,,,,,,,,,,,,,,,,,,,,,,,,
162,NPC_CHANGEWATER,,0,,,,,,,,,,,,,,,,,,,,,,,,,,,,,,,,,,,,,,,,,,,,,,,,,,,,,,,,,,,,,,,,,,,,,,,,,
163,NPC_CHANGEGROUND,,0,,,,,,,,,,,,,,,,,,,,,,,,,,,,,,,,,,,,,,,,,,,,,,,,,,,,,,,,,,,,,,,,,,,,,,,,,
164,NPC_CHANGEFIRE,,0,,,,,,,,,,,,,,,,,,,,,,,,,,,,,,,,,,,,,,,,,,,,,,,,,,,,,,,,,,,,,,,,,,,,,,,,,
165,NPC_CHANGEWIND,,0,,,,,,,,,,,,,,,,,,,,,,,,,,,,,,,,,,,,,,,,,,,,,,,,,,,,,,,,,,,,,,,,,,,,,,,,,
166,NPC_CHANGEPOISON,,0,,,,,,,,,,,,,,,,,,,,,,,,,,,,,,,,,,,,,,,,,,,,,,,,,,,,,,,,,,,,,,,,,,,,,,,,,
167,NPC_CHANGEHOLY,,0,,,,,,,,,,,,,,,,,,,,,,,,,,,,,,,,,,,,,,,,,,,,,,,,,,,,,,,,,,,,,,,,,,,,,,,,,
168,NPC_CHANGEDARKNESS,,0,,,,,,,,,,,,,,,,,,,,,,,,,,,,,,,,,,,,,,,,,,,,,,,,,,,,,,,,,,,,,,,,,,,,,,,,,
169,NPC_CHANGETELEKINESIS,,0,,,,,,,,,,,,,,,,,,,,,,,,,,,,,,,,,,,,,,,,,,,,,,,,,,,,,,,,,,,,,,,,,,,,,,,,,
170,NPC_CRITICALSLASH,,0,,,,,,,,,,,,,,,,,,,,,,,,,,,,,,,,,,,,,,,,,,,,,,,,,,,,,,,,,,,,,,,,,,,,,,,,,
171,NPC_COMBOATTACK,,1,1,1,,,,,,,,,,,,,,,1,,100,,,,,,,,,,,,,,,,,,,,,,,,,,,,,,,,,,,,,,,,,,,,,,,,,,,,,,
172,NPC_GUIDEDATTACK,,0,,,,,,,,,,,,,,,,,,,,,,,,,,,,,,,,,,,,,,,,,,,,,,,,,,,,,,,,,,,,,,,,,,,,,,,,,
173,NPC_SELFDESTRUCTION,,0,,,,,,,,,,,,,,,,,,,,,,,,,,,,,,,,,,,,,,,,,,,,,,,,,,,,,,,,,,,,,,,,,,,,,,,,,
174,NPC_SPLASHATTACK,,0,,,,,,,,,,,,,,,,,,,,,,,,,,,,,,,,,,,,,,,,,,,,,,,,,,,,,,,,,,,,,,,,,,,,,,,,,
175,NPC_SUICIDE,,0,,,,,,,,,,,,,,,,,,,,,,,,,,,,,,,,,,,,,,,,,,,,,,,,,,,,,,,,,,,,,,,,,,,,,,,,,
176,NPC_POISON,,0,,,,,,,,,,,,,,,,,,,,,,,,,,,,,,,,,,,,,,,,,,,,,,,,,,,,,,,,,,,,,,,,,,,,,,,,,
177,NPC_BLINDATTACK,,0,,,,,,,,,,,,,,,,,,,,,,,,,,,,,,,,,,,,,,,,,,,,,,,,,,,,,,,,,,,,,,,,,,,,,,,,,
178,NPC_SILENCEATTACK,,0,,,,,,,,,,,,,,,,,,,,,,,,,,,,,,,,,,,,,,,,,,,,,,,,,,,,,,,,,,,,,,,,,,,,,,,,,
179,NPC_STUNATTACK,,0,,,,,,,,,,,,,,,,,,,,,,,,,,,,,,,,,,,,,,,,,,,,,,,,,,,,,,,,,,,,,,,,,,,,,,,,,
180,NPC_PETRIFYATTACK,,0,,,,,,,,,,,,,,,,,,,,,,,,,,,,,,,,,,,,,,,,,,,,,,,,,,,,,,,,,,,,,,,,,,,,,,,,,
181,NPC_CURSEATTACK,,0,,,,,,,,,,,,,,,,,,,,,,,,,,,,,,,,,,,,,,,,,,,,,,,,,,,,,,,,,,,,,,,,,,,,,,,,,
182,NPC_SLEEPATTACK,,0,,,,,,,,,,,,,,,,,,,,,,,,,,,,,,,,,,,,,,,,,,,,,,,,,,,,,,,,,,,,,,,,,,,,,,,,,
183,NPC_RANDOMATTACK,,0,,,,,,,,,,,,,,,,,,,,,,,,,,,,,,,,,,,,,,,,,,,,,,,,,,,,,,,,,,,,,,,,,,,,,,,,,
184,NPC_WATERATTACK,,0,,,,,,,,,,,,,,,,,,1,,,,,,,,,,,,,,,,,,,,,,,,,,,,,,,,,,,,,,,,,,,,,,,,,,,,,,,
185,NPC_GROUNDATTACK,,0,,,,,,,,,,,,,,,,,,2,,,,,,,,,,,,,,,,,,,,,,,,,,,,,,,,,,,,,,,,,,,,,,,,,,,,,,,
186,NPC_FIREATTACK,,0,,,,,,,,,,,,,,,,,,3,,,,,,,,,,,,,,,,,,,,,,,,,,,,,,,,,,,,,,,,,,,,,,,,,,,,,,,
187,NPC_WINDATTACK,,0,,,,,,,,,,,,,,,,,,4,,,,,,,,,,,,,,,,,,,,,,,,,,,,,,,,,,,,,,,,,,,,,,,,,,,,,,,
188,NPC_POISONATTACK,,0,,,,,,,,,,,,,,,,,,5,,,,,,,,,,,,,,,,,,,,,,,,,,,,,,,,,,,,,,,,,,,,,,,,,,,,,,,
189,NPC_HOLYATTACK,,0,,,,,,,,,,,,,,,,,,6,,,,,,,,,,,,,,,,,,,,,,,,,,,,,,,,,,,,,,,,,,,,,,,,,,,,,,,
190,NPC_DARKNESSATTACK,,0,,,,,,,,,,,,,,,,,,7,,,,,,,,,,,,,,,,,,,,,,,,,,,,,,,,,,,,,,,,,,,,,,,,,,,,,,,
191,NPC_TELEKINESISATTACK,,1,10,1,1,1,1,1,1,1,1,1,1,,,,,,,,100,200,300,400,500,600,700,800,900,1000,,,,,,,,,,,,,,,,,,,,,,,,,,,,,,,,,,,,,,,,,,,,,
192,NPC_MAGICALATTACK,,1,10,1,1,1,1,1,1,1,1,1,1,,,,,,,,100,200,300,400,500,600,700,800,900,1000,,,,,,,,,,,,,,,,,,,,,,,,,,,,,,,,,,,,,,,,,,,,,
193,NPC_METAMORPHOSIS,,0,10,1,1,1,1,1,1,1,1,1,1,,,,,,,,,,,,,,,,,,,,,,,,,,,,,,,,,,,,,,,,,,,,,,,,,,,,,,,,,,,,,,
194,NPC_PROVOCATION,,0,,,,,,,,,,,,,,,,,,,,,,,,,,,,,,,,,,,,,,,,,,,,,,,,,,,,,,,,,,,,,,,,,,,,,,,,,
195,NPC_SMOKING,,0,,,,,,,,,,,,,,,,,,,,,,,,,,,,,,,,,,,,,,,,,,,,,,,,,,,,,,,,,,,,,,,,,,,,,,,,,
196,NPC_SUMMONSLAVE,,0,,,,,,,,,,,,,,,,,,,,,,,,,,,,,,,,,,,,,,,,,,,,,,,,,,,,,,,,,,,,,,,,,,,,,,,,,
197,NPC_EMOTION,,0,,,,,,,,,,,,,,,,,,,,,,,,,,,,,,,,,,,,,,,,,,,,,,,,,,,,,,,,,,,,,,,,,,,,,,,,,
198,NPC_TRANSFORMATION,,0,,,,,,,,,,,,,,,,,,,,,,,,,,,,,,,,,,,,,,,,,,,,,,,,,,,,,,,,,,,,,,,,,,,,,,,,,
199,NPC_BLOODDRAIN,,1,10,1,1,1,1,1,1,1,1,1,1,,,,,,1,,100,150,200,259,300,350,400,450,500,600,,,,,,,,,,,,,,,,,,,,,,,,,,,,,,,,,,,,,,,,,,,,,
200,NPC_ENERGYDRAIN,,1,10,1,1,1,1,1,1,1,1,1,1,,,,,,1,,200,300,400,500,600,700,800,900,1000,1000,,,,,,,,,,,,,,,,,,,,,,,,,,,,,,,,,,,,,,,,,,,,,
201,NPC_KEEPING,,0,,,,,,,,,,,,,,,,,,,,,,,,,,,,,,,,,,,,,,,,,,,,,,,,,,,,,,,,,,,,,,,,,,,,,,,,,
202,NPC_DARKBREATH,,1,10,1,1,1,1,1,1,1,1,1,1,,,,,,1,,200,300,400,500,600,700,800,900,1000,1000,,,,,,,,,,,,,,,,,,,,,,,,,,,,,,,,,,,,,,,,,,,,,
203,NPC_DARKBLESSING,,0,,,,,,,,,,,,,,,,,,,,,,,,,,,,,,,,,,,,,,,,,,,,,,,,,,,,,,,,,,,,,,,,,,,,,,,,,
204,NPC_BARRIER,,0,,,,,,,,,,,,,,,,,,,,,,,,,,,,,,,,,,,,,,,,,,,,,,,,,,,,,,,,,,,,,,,,,,,,,,,,,
205,NPC_DEFENDER,,0,,,,,,,,,,,,,,,,,,,,,,,,,,,,,,,,,,,,,,,,,,,,,,,,,,,,,,,,,,,,,,,,,,,,,,,,,
206,NPC_LICK,,0,,,,,,,,,,,,,,,,,,,,,,,,,,,,,,,,,,,,,,,,,,,,,,,,,,,,,,,,,,,,,,,,,,,,,,,,,
207,NPC_HALLUCINATION,,0,,,,,,,,,,,,,,,,,,,,,,,,,,,,,,,,,,,,,,,,,,,,,,,,,,,,,,,,,,,,,,,,,,,,,,,,,
208,NPC_REBIRTH,,0,,,,,,,,,,,,,,,,,,,,,,,,,,,,,,,,,,,,,,,,,,,,,,,,,,,,,,,,,,,,,,,,,,,,,,,,,
209,NPC_SUMMONMONSTER,,0,,,,,,,,,,,,,,,,,,,,,,,,,,,,,,,,,,,,,,,,,,,,,,,,,,,,,,,,,,,,,,,,,,,,,,,,,
210,RG_SNATCHER,Snatcher,0,10,,,,,,,,,,,,,,,,,,7,8,10,11,13,14,16,17,19,20,,,,,,,,,,,,,131072,50,1,,,,,,,,,,,,,,,,,,,,,,,,,,,,,,
211,RG_STEALCOIN,Steal_Coin,1,10,15,15,15,15,15,15,15,15,15,15,,,500,,,1,,1,2,3,4,5,6,7,8,9,10,,,,,,,,,,,,,131072,210,4,,,,,,,,,,,,,,,,,,,,,,,,,,,,,,
212,RG_BACKSTAP,Back_Stab,1,10,12,12,12,12,12,12,12,12,12,12,,,,,,1,,340,380,420,460,500,540,580,620,660,700,,,,,,,,,,,,,131072,211,4,,,,,,,,,,,,,,,,,,,,,,,,,,,,,,
213,RG_TUNNELDRIVE,Tunnel_Drive,0,5,,,,,,,,,,,,,,,,,,,,,,,,,,,,200,200,200,200,200,,,,,,,,131072,51,1,,,,,,,,,,,,,,,,,,,,,,,,,,,,,,
214,RG_RAID,Raid,4,5,25,25,25,25,25,,,,,,,,,,,1,,140,180,220,260,300,,,,,,13,16,19,22,25,,,,,,3,,131072,213,2,212,2,,,,,,,,,,,,,,,,,,,,,,,,,,,,
215,RG_STRIPWEAPON,Strip_Weapon,1,5,17,19,21,23,25,,,,,,,,1000,,,1,,90,90,90,90,90,,,,,,7,9,11,13,15,,,,,,,,131072,217,5,,,,,,,,,,,,,,,,,,,,,,,,,,,,,,
216,RG_STRIPSHIELD,Strip_Shield,1,5,12,14,16,18,20,,,,,,,,1000,,,1,,85,85,85,85,85,,,,,,7,9,11,13,15,,,,,,,,131072,218,5,,,,,,,,,,,,,,,,,,,,,,,,,,,,,,
217,RG_STRIPARMOR,Strip_Armor,1,5,12,14,16,18,20,,,,,,,,1000,,,1,,60,60,60,60,60,,,,,,7,9,11,13,15,,,,,,,,131072,216,5,,,,,,,,,,,,,,,,,,,,,,,,,,,,,,
218,RG_STRIPHELM,Strip_Helm,1,5,12,14,16,18,20,,,,,,,,1000,,,1,,60,60,60,60,60,,,,,,7,9,11,13,15,,,,,,,,131072,211,4,,,,,,,,,,,,,,,,,,,,,,,,,,,,,,
219,RG_INTIMIDATE,Intimidate,1,5,13,16,19,22,25,,,,,,,,,,,1,,130,160,190,220,250,,,,,,,,,,,,,,,,,,131072,214,5,212,4,,,,,,,,,,,,,,,,,,,,,,,,,,,,
220,RG_GRAFFITI,Graffiti,2,1,15,,,,,,,,,,,,,,,1,,,,,,,,,,,,,,,,,,,,,,,,131072,221,5,,,,,,,,,,,,,,,,,,,,,,,,,,,,,,
221,RG_FLAGGRAFFITI,Flag_Graffiti,2,5,,,,,,,,,,,,,,,,,,,,,,,,,,,,,,,,,,,,,,,,131072,222,1,,,,,,,,,,,,,,,,,,,,,,,,,,,,,,
222,RG_CLEANER,Cleaner,2,1,,,,,,,,,,,,,,,,,,,,,,,,,,,,,,,,,,,,,,,,131072,223,1,,,,,,,,,,,,,,,,,,,,,,,,,,,,,,
223,RG_GANGSTER,Gangster_Paradise,0,1,,,,,,,,,,,,,,,,,,,,,,,,,,,,,,,,,,,,,,,,131072,216,3,,,,,,,,,,,,,,,,,,,,,,,,,,,,,,
224,RG_COMPULSION,Compulsion_Discount,0,5,,,,,,,,,,,,,,,,,,91,87,83,79,75,,,,,,,,,,,,,,,,,,131072,223,1,,,,,,,,,,,,,,,,,,,,,,,,,,,,,,
225,RG_PLAGIARISM,Plagiarism,0,10,,,,,,,,,,,,,,,,,,,,,,,,,,,,,,,,,,,,,,,,131072,219,5,,,,,,,,,,,,,,,,,,,,,,,,,,,,,,
226,AM_AXEMASTERY,Axe_Mastery,0,10,,,,,,,,,,,,,,,,,,,,,,,,,,,,,,,,,,,,,,,,262144,,,,,,,,,,,,,,,,,,,,,,,,,,,,,,,,
227,AM_LERNINGPOTION,Learning_Potion,0,10,,,,,,,,,,,,,,,,,,105,110,115,120,125,130,135,140,145,150,,,,,,,,,,,,,262144,,,,,,,,,,,,,,,,,,,,,,,,,,,,,,,,
228,AM_PHARMACY,Pharmacy,4,10,5,5,5,5,5,5,5,5,5,5,,,,,,,,,,,,,,,,,,,,,,,,,,,,,,262144,227,5,,,,,,,,,,,,,,,,,,,,,,,,,,,,,,
229,AM_DEMONSTRATION,Demonstration,2,5,10,10,10,10,10,,,,,,,,1000,,,9,3,41,42,43,44,45,,,,,,120,140,160,180,200,,,,,,1,,262144,228,4,,,,,,,,,,,,,,,,,,,,,,,,,,,,,,
230,AM_ACIDTERROR,Acid_Terror,1,5,15,15,15,15,15,,,,,,,,1000,,,9,5,1,1,1,1,1,,,,,,140,180,220,260,300,,,,,,,,262144,228,5,,,,,,,,,,,,,,,,,,,,,,,,,,,,,,
231,AM_POTIONPITCHER,Potion_Pitcher,16,5,1,1,1,1,1,,,,,,,,0,,,9,,110,120,130,140,150,,,,,,501,502,503,504,505,,,,,,,,262144,228,3,,,,,,,,,,,,,,,,,,,,,,,,,,,,,,
232,AM_CANNIBALIZE,Bio_Cannibalize,1,5,20,20,20,20,20,,,,,,,,,,,,,40,50,60,70,80,,,,,,,,,,,,,,,,,,262144,228,5,,,,,,,,,,,,,,,,,,,,,,,,,,,,,,
233,AM_SPHEREMINE,Sphere_Mine,2,5,10,10,10,10,10,,,,,,,,2000,,,1,,30,30,30,30,30,,,,,,,,,,,,,,,,2,,262144,228,2,,,,,,,,,,,,,,,,,,,,,,,,,,,,,,
234,AM_CP_WEAPON,Chemical_Protection_-_Weapon,16,5,30,30,30,30,30,,,,,,,,,,,5,,60,120,180,240,300,,,,,,,,,,,,,,,,,,262144,236,3,,,,,,,,,,,,,,,,,,,,,,,,,,,,,,
235,AM_CP_SHIELD,Chemical_Protection_-_Shield,16,5,25,25,25,25,25,,,,,,,,,,,5,,60,120,180,240,300,,,,,,,,,,,,,,,,,,262144,237,3,,,,,,,,,,,,,,,,,,,,,,,,,,,,,,
236,AM_CP_ARMOR,Chemical_Protection_-_Armor,16,5,25,25,25,25,25,,,,,,,,,,,5,,60,120,180,240,300,,,,,,,,,,,,,,,,,,262144,235,3,,,,,,,,,,,,,,,,,,,,,,,,,,,,,,
237,AM_CP_HELM,Chemical_Protection_-_Helmet,16,5,20,20,20,20,20,,,,,,,,,,,5,,60,120,180,240,300,,,,,,,,,,,,,,,,,,262144,228,2,,,,,,,,,,,,,,,,,,,,,,,,,,,,,,
238,AM_BIOETHICS,Bioethics,0,1,,,,,,,,,,,,,,,,,,,,,,,,,,,,,,,,,,,,,,,,262144,,,,,,,,,,,,,,,,,,,,,,,,,,,,,,,,
239,AM_BIOTECHNOLOGY,Biotechnology,0,10,,,,,,,,,,,,,,,,,,,,,,,,,,,,,,,,,,,,,,,,262144,238,1,,,,,,,,,,,,,,,,,,,,,,,,,,,,,,
240,AM_CREATECREATURE,Create_Creature,1,5,,,,,,,,,,,,,,,,,,,,,,,,,,,,,,,,,,,,,,,,262144,239,7,,,,,,,,,,,,,,,,,,,,,,,,,,,,,,
241,AM_CULTIVATION,Cultivation,1,5,,,,,,,,,,,,,,,,,,,,,,,,,,,,,,,,,,,,,,,,262144,242,3,243,1,240,3,,,,,,,,,,,,,,,,,,,,,,,,,,
242,AM_FLAMECONTROL,Flame_Control,0,5,,,,,,,,,,,,,,,,,,,,,,,,,,,,,,,,,,,,,,,,262144,239,3,,,,,,,,,,,,,,,,,,,,,,,,,,,,,,
243,AM_CALLHOMUN,Call_Homunculus,1,1,,,,,,,,,,,,,,,,,,,,,,,,,,,,,,,,,,,,,,,,262144,244,1,,,,,,,,,,,,,,,,,,,,,,,,,,,,,,
244,AM_REST,Sabbath,1,1,,,,,,,,,,,,,,,,,,,,,,,,,,,,,,,,,,,,,,,,262144,239,5,,,,,,,,,,,,,,,,,,,,,,,,,,,,,,
245,AM_DRILLMASTER,Drillmaster,0,10,,,,,,,,,,,,,,,,,,,,,,,,,,,,,,,,,,,,,,,,262144,246,3,,,,,,,,,,,,,,,,,,,,,,,,,,,,,,
246,AM_HEALHOMUN,Heal_Homunculus,1,10,,,,,,,,,,,,,,,,,,,,,,,,,,,,,,,,,,,,,,,,262144,241,5,,,,,,,,,,,,,,,,,,,,,,,,,,,,,,
247,AM_RESURRECTHOMUN,Resurrect_Homunculus,1,5,,,,,,,,,,,,,,,,,,,,,,,,,,,,,,,,,,,,,,,,262144,246,5,,,,,,,,,,,,,,,,,,,,,,,,,,,,,,
248,CR_TRUST,Faith,0,10,,,,,,,,,,,,,,,,,,200,400,600,800,1000,1200,1400,1600,1800,2000,5,10,15,20,25,30,35,40,45,50,,,16384,,,,,,,,,,,,,,,,,,,,,,,,,,,,,,,,
249,CR_AUTOGUARD,Shield_Guard,4,10,12,14,16,18,20,22,24,26,28,30,,,,,,,,300,300,300,300,300,300,300,300,300,300,5,10,14,18,21,24,26,28,29,30,,58,16384,,,,,,,,,,,,,,,,,,,,,,,,,,,,,,,,
250,CR_SHIELDCHARGE,Shield_Charge,1,5,10,10,10,10,10,,,,,,,,,,,3,,120,140,160,180,200,,,,,,4,,,,,,,,,,,,16384,249,5,,,,,,,,,,,,,,,,,,,,,,,,,,,,,,
251,CR_SHIELDBOOMERANG,Shield_Boomerang,1,5,12,12,12,12,12,,,,,,,,,,,9,,150,200,250,300,350,,,,,,3,5,7,9,11,,,,,,,,16384,250,3,,,,,,,,,,,,,,,,,,,,,,,,,,,,,,
252,CR_REFLECTSHIELD,Shield_Reflect,4,10,35,40,45,50,55,60,65,70,75,80,,,,,,,,275,280,285,290,295,300,305,310,315,320,13,16,19,22,25,28,31,34,37,40,,59,16384,251,3,,,,,,,,,,,,,,,,,,,,,,,,,,,,,,
253,CR_HOLYCROSS,Holy_Cross,1,10,11,12,13,14,15,16,17,18,19,20,,,,,,1,6,135,170,205,240,275,310,345,380,415,450,3,6,9,12,15,18,21,24,27,30,,,16384,248,7,,,,,,,,,,,,,,,,,,,,,,,,,,,,,,
254,CR_GRANDCROSS,Grand_Cross,4,10,37,44,51,58,65,72,78,86,93,100,,,3000,,,6,6,140,180,220,260,300,340,380,420,460,700,3,6,9,12,15,18,21,24,27,30,6,,16384,248,10,253,6,,,,,,,,,,,,,,,,,,,,,,,,,,,,,
255,CR_DEVOTION,Sacrifice,4,5,25,25,25,25,25,,,,,,,,3000,,,,,60,120,180,240,300,,,,,,,,,,,,,,,,,,16384,252,5,254,4,,,,,,,,,,,,,,,,,,,,,,,,,,,,
256,CR_PROVIDENCE,Providence,4,5,30,30,30,30,30,,,,,,,,3000,,,,,180,180,180,180,180,,,,,,5,10,15,20,25,,,,,,,61,16384,22,5,28,5,,,,,,,,,,,,,,,,,,,,,,,,,,,,
257,CR_DEFENDER,Defender,4,5,30,30,30,30,30,,,,,,,,,,,,,180,180,180,180,180,,,,,,20,35,50,65,80,,,,,,,62,16384,251,1,,,,,,,,,,,,,,,,,,,,,,,,,,,,,,
258,CR_SPEARQUICKEN,Spear_Quicken,4,10,24,28,32,36,40,44,48,52,56,60,,,,,,,,30,60,90,120,150,180,210,240,270,300,,,,,,,,,,,,68,16384,55,10,,,,,,,,,,,,,,,,,,,,,,,,,,,,,,
259,MO_IRONHAND,Iron_Hand,0,10,,,,,,,,,,,,,,,,,,3,6,9,12,15,18,21,24,27,30,,,,,,,,,,,,,32768,23,10,22,10,,,,,,,,,,,,,,,,,,,,,,,,,,,,
260,MO_SPIRITSRECOVERY,Spirits_Recovery,0,5,,,,,,,,,,,,,,,,,,4,8,12,16,20,,,,,,2,4,6,8,10,,,,,,,,32768,269,2,,,,,,,,,,,,,,,,,,,,,,,,,,,,,,
261,MO_CALLSPIRITS,Call_Spirits,4,5,15,15,15,15,15,,,,,,,,1500,,,,,1,1,1,1,1,,,,,,1,2,3,4,5,,,,,,,,32768,259,2,,,,,,,,,,,,,,,,,,,,,,,,,,,,,,
262,MO_ABSORBSPIRITS,Absorb_Spirits,4,1,5,,,,,,,,,,,,2000,,,,,7,,,,,,,,,,10,,,,,,,,,,,,32768,261,5,,,,,,,,,,,,,,,,,,,,,,,,,,,,,,
263,MO_TRIPLEATTACK,Triple_Attack,0,10,,,,,,,,,,,,,,,,1,,29,28,27,26,25,24,23,22,21,20,120,140,160,180,200,220,240,260,280,300,,,32768,265,5,,,,,,,,,,,,,,,,,,,,,,,,,,,,,,
264,MO_BODYRELOCATION,Body_Relocation,2,1,10,,,,,,,,,,,,,,,12,,,,,,,,,,,,,,,,,,,,,,,13,32768,271,3,268,3,260,2,,,,,,,,,,,,,,,,,,,,,,,,,,
265,MO_DODGE,Dodge,0,10,,,,,,,,,,,,,,,,,,2,4,6,8,10,12,14,16,18,20,,,,,,,,,,,,,32768,259,5,261,5,,,,,,,,,,,,,,,,,,,,,,,,,,,,
266,MO_INVESTIGATE,Investigate,1,5,10,14,17,19,20,,,,,,,,,,,3,,175,250,325,400,475,,,,,,,,,,,,,,,,,,32768,261,5,,,,,,,,,,,,,,,,,,,,,,,,,,,,,,
267,MO_FINGEROFFENSIVE,Finger_Offensive,1,5,10,10,10,10,10,,,,,,,,1000,1000,,9,,150,175,200,225,250,,,,,,1,2,3,4,5,,,,,,,,32768,266,3,,,,,,,,,,,,,,,,,,,,,,,,,,,,,,
268,MO_STEELBODY,Steel_Body,4,5,200,200,200,200,200,,,,,,,,5000,,,3,,30,60,90,120,150,,,,,,,,,,,,,,,,,87,32768,273,3,,,,,,,,,,,,,,,,,,,,,,,,,,,,,,
269,MO_BLADESTOP,Blade_Stop,1,5,,,,,,,,,,,,,,,,,,,,,,,,,,,,,,,,,,,,,,,,32768,265,5,,,,,,,,,,,,,,,,,,,,,,,,,,,,,,
270,MO_EXPLOSIONSPIRITS,Explosion_Spirits,4,5,15,15,15,15,15,,,,,,,,,,,,,180,180,180,180,180,,,,,,100,125,150,175,200,,,,,,,86,32768,262,1,,,,,,,,,,,,,,,,,,,,,,,,,,,,,,
271,MO_EXTREMITYFIST,Extremity_Fist,1,5,5,5,5,5,5,,,,,,,,4500,-500,2000,,,400,550,700,850,1000,,,,,,400,550,700,850,1000,,,,,,,,32768,270,3,267,3,,,,,,,,,,,,,,,,,,,,,,,,,,,,
272,MO_CHAINCOMBO,Chain_Combo,4,5,17,19,21,23,25,,,,,,,,,,,1,,200,250,300,350,400,,,,,,,,,,,,,,,,,,32768,263,5,,,,,,,,,,,,,,,,,,,,,,,,,,,,,,
273,MO_COMBOFINISH,Combo_Finish,4,5,23,26,29,32,35,,,,,,,,,,,1,,300,360,420,480,540,,,,,,,,,,,,,,,,,,32768,272,3,,,,,,,,,,,,,,,,,,,,,,,,,,,,,,
274,SA_ADVANCEDBOOK,Advanced_Book,0,10,,,,,,,,,,,,,,,,,,3,6,9,12,15,18,21,24,27,30,,,,,,,,,,,,,65536,1,9,,,,,,,,,,,,,,,,,,,,,,,,,,,,,,
275,SA_CASTCANCEL,Cast_Cancel,4,5,2,2,2,2,2,,,,,,,,,,,,,,,,,,,,,,,90,70,50,30,10,,,,,,,,65536,274,2,,,,,,,,,,,,,,,,,,,,,,,,,,,,,,
276,SA_MAGICROD,Magic_Rod,4,5,2,2,2,2,2,,,,,,,,,,,,,,,,,,,,,,,,,,,,,,,,,,,65536,274,4,,,,,,,,,,,,,,,,,,,,,,,,,,,,,,
277,SA_SPELLBREAKER,Spell_Breaker,1,5,,,,,,,,,,,,,,,,,,,,,,,,,,,,,,,,,,,,,,,,65536,276,1,,,,,,,,,,,,,,,,,,,,,,,,,,,,,,
278,SA_FREECAST,Free_Cast,0,10,,,,,,,,,,,,,,,,,,,,,,,,,,,,,,,,,,,,,,,,65536,275,1,,,,,,,,,,,,,,,,,,,,,,,,,,,,,,
279,SA_AUTOSPELL,Auto_Spell,4,10,35,35,35,35,35,35,35,35,35,35,,,3000,,,,,120,150,180,210,240,270,300,330,360,390,7,9,11,13,15,17,19,21,23,25,,65,65536,278,4,,,,,,,,,,,,,,,,,,,,,,,,,,,,,,
280,SA_FLAMELAUNCHER,Flame_Launcher,16,5,40,40,40,40,40,,,,,,,,3000,,,9,,1200,1200,1200,1200,1200,,,,,,80,85,90,95,100,,,,,,,90,65536,19,1,274,5,,,,,,,,,,,,,,,,,,,,,,,,,,,,
281,SA_FROSTWEAPON,Frost_Weapon,16,5,40,40,40,40,40,,,,,,,,3000,,,9,,1200,1200,1200,1200,1200,,,,,,80,85,90,95,100,,,,,,,91,65536,14,1,274,5,,,,,,,,,,,,,,,,,,,,,,,,,,,,
282,SA_LIGHTNINGLOADER,Lightning_Loader,16,5,40,40,40,40,40,,,,,,,,3000,,,9,,1200,1200,1200,1200,1200,,,,,,80,85,90,95,100,,,,,,,92,65536,20,1,274,5,,,,,,,,,,,,,,,,,,,,,,,,,,,,
283,SA_SEISMICWEAPON,Seismic_Weapon,16,5,40,40,40,40,40,,,,,,,,3000,,,9,,1200,1200,1200,1200,1200,,,,,,80,85,90,95,100,,,,,,,93,65536,16,1,274,5,,,,,,,,,,,,,,,,,,,,,,,,,,,,
284,SA_DRAGONOLOGY,Dragonology,0,5,,,,,,,,,,,,,,,,,,4,8,12,16,200,,,,,,4,8,12,16,20,,,,,,,,65536,274,9,,,,,,,,,,,,,,,,,,,,,,,,,,,,,,
285,SA_VOLCANO,Volcano,2,5,48,46,44,42,40,,,,,,,,5000,,,2,,10,14,17,19,20,,,,,,10,20,30,40,50,,,,,,,,65536,280,2,,,,,,,,,,,,,,,,,,,,,,,,,,,,,,
286,SA_DELUGE,Deluge,2,5,52,54,56,58,60,,,,,,,,5000,,,2,,10,14,17,19,20,,,,,,5,9,12,14,15,,,,,,,,65536,281,2,,,,,,,,,,,,,,,,,,,,,,,,,,,,,,
287,SA_VIOLENTGALE,Violent_Gale,2,5,52,54,56,58,60,,,,,,,,5000,,,2,,10,14,17,19,20,,,,,,3,6,9,12,15,,,,,,,,65536,282,2,,,,,,,,,,,,,,,,,,,,,,,,,,,,,,
288,SA_LANDPROTECTOR,Land_Protector,2,5,74,78,82,86,90,,,,,,,,5000,,,2,,120,165,210,255,300,,,,,,7,7,9,9,11,,,,,,,,65536,285,3,286,3,287,3,,,,,,,,,,,,,,,,,,,,,,,,,,
289,SA_DISPELL,Dispell,1,5,10,10,10,10,10,,,,,,,,,2000,,9,,60,70,80,90,100,,,,,,,,,,,,,,,,,,65536,277,3,,,,,,,,,,,,,,,,,,,,,,,,,,,,,,
290,SA_ABRACADABRA,Abracadabra,1,1,50,,,,,,,,,,,,,,,9,,,,,,,,,,,,,,,,,,,,,,,,65536,279,5,289,1,288,1,,,,,,,,,,,,,,,,,,,,,,,,,,
291,SA_MONOCELL,Aspd_Potions,4,3,1,1,1,,,,,,,,,,,,,,,1800,1800,1800,,,,,,,,95,92,85,,,,,,,,,37,,,,,,,,,,,,,,,,,,,,,,,,,,,,,,,,,
292,SA_CLASSCHANGE,--_Not_A_Real_Skill_--,0,,,,,,,,,,,,,,,,,,,,,,,,,,,,,,,,,,,,,,,,,,,,,,,,,,,,,,,,,,,,,,,,,,,,,,,,,
293,SA_SUMMONMONSTER,--_Not_A_Real_Skill_--,0,,,,,,,,,,,,,,,,,,,,,,,,,,,,,,,,,,,,,,,,,,,,,,,,,,,,,,,,,,,,,,,,,,,,,,,,,
294,SA_REVERSEORCISH,--_Not_A_Real_Skill_--,0,,,,,,,,,,,,,,,,,,,,,,,,,,,,,,,,,,,,,,,,,,,,,,,,,,,,,,,,,,,,,,,,,,,,,,,,,
295,SA_DEATH,--_Not_A_Real_Skill_--,0,,,,,,,,,,,,,,,,,,,,,,,,,,,,,,,,,,,,,,,,,,,,,,,,,,,,,,,,,,,,,,,,,,,,,,,,,
296,SA_FORTUNE,--_Not_A_Real_Skill_--,0,,,,,,,,,,,,,,,,,,,,,,,,,,,,,,,,,,,,,,,,,,,,,,,,,,,,,,,,,,,,,,,,,,,,,,,,,
297,SA_TAMINGMONSTER,--_Not_A_Real_Skill_--,0,,,,,,,,,,,,,,,,,,,,,,,,,,,,,,,,,,,,,,,,,,,,,,,,,,,,,,,,,,,,,,,,,,,,,,,,,
298,SA_QUESTION,--_Not_A_Real_Skill_--,0,,,,,,,,,,,,,,,,,,,,,,,,,,,,,,,,,,,,,,,,,,,,,,,,,,,,,,,,,,,,,,,,,,,,,,,,,
299,SA_GRAVITY,--_Not_A_Real_Skill_--,0,,,,,,,,,,,,,,,,,,,,,,,,,,,,,,,,,,,,,,,,,,,,,,,,,,,,,,,,,,,,,,,,,,,,,,,,,
300,SA_LEVELUP,--_Not_A_Real_Skill_--,0,,,,,,,,,,,,,,,,,,,,,,,,,,,,,,,,,,,,,,,,,,,,,,,,,,,,,,,,,,,,,,,,,,,,,,,,,
301,SA_INSTANTDEATH,--_Not_A_Real_Skill_--,0,,,,,,,,,,,,,,,,,,,,,,,,,,,,,,,,,,,,,,,,,,,,,,,,,,,,,,,,,,,,,,,,,,,,,,,,,
302,SA_FULLRECOVERY,--_Not_A_Real_Skill_--,0,,,,,,,,,,,,,,,,,,,,,,,,,,,,,,,,,,,,,,,,,,,,,,,,,,,,,,,,,,,,,,,,,,,,,,,,,
303,SA_COMA,--_Not_A_Real_Skill_--,0,,,,,,,,,,,,,,,,,,,,,,,,,,,,,,,,,,,,,,,,,,,,,,,,,,,,,,,,,,,,,,,,,,,,,,,,,
304,BD_ADAPTATION,Adaptation_to_Circumstances,4,1,1,,,,,,,,,,,,,,,,,,,,,,,,,,,,,,,,,,,,,1,,1572864,,,,,,,,,,,,,,,,,,,,,,,,,,,,,,,,
305,BD_ENCORE,Encore,4,1,1,,,,,,,,,,,,,,,,,,,,,,,,,,,,,,,,,,,,,,,1572864,304,1,,,,,,,,,,,,,,,,,,,,,,,,,,,,,,
306,BD_LULLABY,Lullaby,2,1,20,,,,,,,,,,,,,,,,4,60,60,60,60,60,60,60,60,60,,,,,,,,,,,,1,,524288,319,10,,,,,,,,,1048576,327,10,,,,,,,,,,,,,,,,,,,
307,BD_RICHMANKIM,Mr._Kim_a_Rich_Man,2,5,20,20,20,20,20,,,,,,,,,,,,3,60,60,60,60,60,,,,,,150,175,200,225,250,,,,,,1,,1572864,313,3,,,,,,,,,,,,,,,,,,,,,,,,,,,,,,
308,BD_ETERNALCHAOS,Eternal_Chaos,2,1,30,,,,,,,,,,,,,,,,4,60,60,60,60,60,,,,,,,,,,,,,,,,1,,1572864,311,1,,,,,,,,,,,,,,,,,,,,,,,,,,,,,,
309,BD_DRUMBATTLEFIELD,The_Sound_of_a_Drum_on_the_Battlefield,2,5,38,41,44,47,50,,,,,,,,2000,500,,,3,60,60,60,60,60,,,,,,50,75,100,125,150,4,6,8,10,12,1,,524288,322,10,,,,,,,,,1048576,330,10,,,,,,,,,,,,,,,,,,,
310,BD_RINGNIBELUNGEN,The_Ring_of_Nibelungen,2,5,38,41,44,47,50,,,,,,,,,,,,3,60,60,60,60,60,,,,,,150,200,250,300,350,,,,,,1,,1572864,309,3,,,,,,,,,,,,,,,,,,,,,,,,,,,,,,
311,BD_ROKISWEIL,Loki's_Wail,2,1,,,,,,,,,,,,,,,,,,,,,,,,,,,,,,,,,,,,,,1,,524288,320,10,,,,,,,,,1048576,328,10,,,,,,,,,,,,,,,,,,,
312,BD_INTOABYSS,Into_The_Abyss,2,1,10,,,,,,,,,,,,,,,,5,60,,,,,,,,,,,,,,,,,,,,1,,1572864,306,1,,,,,,,,,,,,,,,,,,,,,,,,,,,,,,
313,BD_SIEGFRIED,Invulnerable_Siegfried,2,5,20,20,20,20,20,,,,,,,,,,,,,,,,,,,,,,,,,,,,,,,,,1,,524288,321,10,,,,,,,,,1048576,329,10,,,,,,,,,,,,,,,,,,,
314,BD_RAGNAROK,Ragnarok,2,1,,,,,,,,,,,,,,,,,,60,60,60,60,60,,,,,,,,,,,,,,,,1,,1572864,312,1,308,1,,,,,,,,,,,,,,,,,,,,,,,,,,,,
315,BA_MUSICALLESSON,Musical_Lesson,0,10,,,,,,,,,,,,,,,,,,,,,,,,,,,,,,,,,,,,,,,,524288,,,,,,,,,,,,,,,,,,,,,,,,,,,,,,,,
316,BA_MUSICALSTRIKE,Musical_Strike,1,5,8,8,8,8,8,,,,,,,,1500,,,9,,150,175,200,225,250,,,,,,,,,,,,,,,,,,524288,315,3,,,,,,,,,,,,,,,,,,,,,,,,,,,,,,
317,BA_DISSONANCE,Dissonance,2,5,18,21,24,27,30,,,,,,,,,,,,3,40,50,60,70,80,,,,,,,,,,,,,,,,1,,524288,315,1,304,1,,,,,,,,,,,,,,,,,,,,,,,,,,,,
318,BA_FROSTJOKE,Frost_Joke,2,5,12,14,16,18,20,,,,,,,,,,,,,,,,,,,,,,,,,,,,,,,,,1,,524288,305,1,,,,,,,,,,,,,,,,,,,,,,,,,,,,,,
319,BA_WHISTLE,A_Whistle,2,10,24,28,32,36,40,44,48,52,56,60,,,,,,,,,,,,,,,,,,,,,,,,,,,,1,,524288,317,3,,,,,,,,,,,,,,,,,,,,,,,,,,,,,,
320,BA_ASSASSINCROSS,Assassin_Cross_of_Sunset,2,10,38,41,44,47,50,53,56,59,62,65,,,,,,,,,,,,,,,,,,,,,,,,,,,,1,,524288,317,3,,,,,,,,,,,,,,,,,,,,,,,,,,,,,,
321,BA_POEMBRAGI,A_Poem_of_Bragi,2,10,40,45,50,55,60,65,70,75,80,85,,,,,,,,,,,,,,,,,,,,,,,,,,,,1,,524288,317,3,,,,,,,,,,,,,,,,,,,,,,,,,,,,,,
322,BA_APPLEIDUN,The_Apple_of_Idun,2,10,40,45,50,55,60,65,70,75,80,85,,,,,,,6,4,7,10,13,16,19,22,25,28,31,200,200,200,200,300,300,300,400,400,500,1,,524288,317,3,,,,,,,,,,,,,,,,,,,,,,,,,,,,,,
323,DC_DANCINGLESSON,Dancing_Lesson,0,10,,,,,,,,,,,,,,,,,,,,,,,,,,,,,,,,,,,,,,,,1048576,,,,,,,,,,,,,,,,,,,,,,,,,,,,,,,,
324,DC_THROWARROW,Throw_Arrow,1,5,8,8,8,8,8,,,,,,,,,,,8,,200,300,400,500,600,,,,,,,,,,,,,,,,,,1048576,323,3,,,,,,,,,,,,,,,,,,,,,,,,,,,,,,
325,DC_UGLYDANCE,Ugly_Dance,2,5,23,26,29,32,35,,,,,,,,,,,,,,,,,,,,,,,,,,,,,,,,,1,,1048576,304,1,323,1,,,,,,,,,,,,,,,,,,,,,,,,,,,,
326,DC_SCREAM,Scream,2,5,12,14,16,18,20,,,,,,,,,,,,,,,,,,,,,,,,,,,,,,,,,1,,1048576,305,1,,,,,,,,,,,,,,,,,,,,,,,,,,,,,,
327,DC_HUMMING,Humming,2,10,22,24,26,28,30,32,34,36,38,40,,,,,,,,2,4,6,8,10,12,14,16,18,20,,,,,,,,,,,1,,1048576,325,3,,,,,,,,,,,,,,,,,,,,,,,,,,,,,,
328,DC_DONTFORGETME,Please_Don't_Forget_Me,2,10,28,31,34,37,40,43,46,49,52,55,,,,,,,,,,,,,,,,,,,,,,,,,,,,1,,1048576,325,3,,,,,,,,,,,,,,,,,,,,,,,,,,,,,,
329,DC_FORTUNEKISS,Fortune's_Kiss,2,10,43,46,49,52,55,58,61,64,67,70,,,,,,,,,,,,,,,,,,,,,,,,,,,,1,,1048576,325,3,,,,,,,,,,,,,,,,,,,,,,,,,,,,,,
330,DC_SERVICEFORYOU,Service_For_You,2,10,38,41,44,47,50,53,56,59,62,65,,,,,,,,180,180,180,180,180,180,180,180,180,180,13,16,19,22,25,28,31,34,37,40,1,,1048576,325,3,,,,,,,,,,,,,,,,,,,,,,,,,,,,,,
331,SA_CLASSCHANGE,--_Not_A_Real_Skill_--,0,,,,,,,,,,,,,,,,,,,,,,,,,,,,,,,,,,,,,,,,,,,,,,,,,,,,,,,,,,,,,,,,,,,,,,,,,
332,SA_SUMMONMONSTER,--_Not_A_Real_Skill_--,0,,,,,,,,,,,,,,,,,,,,,,,,,,,,,,,,,,,,,,,,,,,,,,,,,,,,,,,,,,,,,,,,,,,,,,,,,
333,SA_REVERSEORCISH,--_Not_A_Real_Skill_--,0,,,,,,,,,,,,,,,,,,,,,,,,,,,,,,,,,,,,,,,,,,,,,,,,,,,,,,,,,,,,,,,,,,,,,,,,,
334,WE_MALE,Please_Don't_Forget_Me,2,10,28,31,34,37,40,43,46,49,52,55,,,,,,,,,,,,,,,,,,,,,,,,,,,,,,4194304,,,,,,,,,,,,,,,,,,,,,,,,,,,,,,,,
335,WE_FEMALE,Fortune's_Kiss,2,10,43,46,49,52,55,58,61,64,67,70,,,,,,,,,,,,,,,,,,,,,,,,,,,,,,4194304,,,,,,,,,,,,,,,,,,,,,,,,,,,,,,,,
336,WE_CALLPARTNER,Service_For_You,2,10,38,41,44,47,50,53,56,59,62,65,,,,,,,,,,,,,,,,,,,,,,,,,,,,,,4194304,,,,,,,,,,,,,,,,,,,,,,,,,,,,,,,,
